m1
28
54
65
68
75
79
95
114
122
126
133
147
152
181
201
208
218
233
243
254
259
274
278
280
300
303
305
326
352
375
493
495
497
533
540
541
542
552
556
688
694
748
792
794
795
796
807
809
823
867
906
914
915
937
989
1039
1046
1050
1051
1060
1077
1100
1106
1109
1119
1127
1155
1160
1162
1236
1261
1271
1276
1278
1280
1285
1286
1306
1317
1321
1327
1335
1344
1421
1437
1449
1476
1511
1568
1580
1586
2000
2140
2155
2364
2381
2415
2443
2502
2511
2529
2544
2548
2586
2589
2611
2662
2678
2679
2692
2735
2739
2747
2750
2761
2762
2807
2814
2828
2830
2871
2900
2920
2922
2924
2931
2939
2944
2946
2947
2951
2953
2954
2955
2956
2957
2964
2976
3007
3020
3024
3025
3035
3036
3038
3039
3040
3042
3043
3044
3052
3054
3056
3063
3124
3126
3148
3156
3159
3162
3167
3176
3203
3219
3220
3221
3222
3223
3224
3225
3235
3285
3286
3301
3353
3355
3368
3490
3511
3544
3553
3582
3597
3753
3771
3772
3774
3783
3793
3811
3817
3823
3826
3838
3843
3846
3861
3864
3874
3939
3943
3946
3954
3977
4011
4014
4044
4146
4159
4162
4220
4244
4268
4281
4294
4309
4314
4316
4323
4326
4372
4424
4459
4483
4495
4507
4530
4563
4565
4593
4639
4683
4697
4710
4744
4768
4772
4797
4812
4824
4835
4836
4907
4918
4939
4953
4961
5038
5040
5049
5058
5095
5102
5110
5142
5153
5165
5166
5170
5181
5246
5249
5278
5298
5335
5352
5353
5361
5373
5397
5415
5449
5460
5471
5511
5512
5513
5514
5516
5549
5559
5582
5589
5613
5620
5651
5675
5720
5760
5775
5805
5811
5812
5814
5818
5847
5931
6062
6111
6117
6118
6120
6163
6177
6249
6312
6321
6348
6350
6351
6353
6428
6484
6489
6497
6502
6519
6530
6535
6633
6639
6670
6707
6716
6771
6785
6819
6850
6870
6875
6884
6896
6907
6914
6924
6958
6970
7041
7096
7120
7202
7212
7213
7273
7317
7334
7381
7392
7402
7407
7427
7445
7473
7483
7516
7545
7562
7576
7600
7628
7667
7734
7740
7752
7757
7783
7901
7928
7980
8009
8070
8077
8081
8083
8086
8119
8120
8205
8228
8232
8261
8265
8267
8270
8275
8368
8407
8475
8479
8511
8568
8585
8828
8912
8942
8990
8999
9045
9059
9111
9137
9144
9159
9173
9229
9245
9250
9257
9283
9301
9314
9337
9346
9350
9382
9393
9410
9415
9448
9489
9496
9500
9508
9511
9513
9540
9544
9546
9550
9569
9622
9632
9637
9662
9718
9725
9731
9755
9765
9824
9871
9929
10017
10043
10051
10069
10113
10145
10195
10209
10210
10220
10238
10244
10246
10270
10279
10379
10400
10505
10510
10522
10550
10553
10556
10561
10571
10610
10613
10624
10638
10753
10765
10797
10835
10841
10906
10908
10914
10935
10997
11042
11104
11120
11155
11169
11206
11250
11422
11510
11602
11620
11628
11694
11836
11891
11939
12144
12155
12249
12254
12256
12276
12294
12295
12296
12298
12299
12320
12341
12349
12350
12357
12358
12361
12365
12366
12368
12369
12377
12388
12410
12411
12413
12428
12442
12443
12453
12477
12510
12513
12532
12601
12604
12635
12645
12652
12656
12676
12745
12750
12759
12805
12814
12826
12833
12854
12867
12892
12980
16135
21387
28963
29421
31218
32604
34014
34511
36016
36191
36329
36385
36395
37111
37144
37205
37277
37396
37401
37420
37474
37583
37610
37641
37808
37829
38164
38242
38245
38402
38607
38632
38692
38984
39020
39319
39377
39418
39498
39648
39655
39661
39799
39811
39941
39962
39984
39998
40029
40052
40053
40066
40069
40089
40111
40140
40185
40186
40189
40197
40198
40199
40201
40206
40207
40208
40232
40294
40299
40333
40356
40416
40428
40442
40445
40447
40511
40527
40590
40610
40793
40813
40815
40858
40898
40979
41038
41092
41096
41150
41191
41199
41211
41212
41220
41227
41260
41261
41449
41483
41494
41497
41513
41541
41561
41634
41923
41957
42003
42143
42280
42293
42328
42334
42454
42478
42588
42610
42678
64566
64626
64635
73555
73603
73652
75100
75634
75646
75795
78035
78399
78486
78561
78752
80230
80582
80587
80620
80645
80698
80790
80849
80879
80898
80906
80974
80989
81026
81281
81321
81482
81500
81545
81559
81589
81636
81735
81802
81903
81907
81926
81938
82019
82168
82181
82432
82530
82581
82677
82755
82771
82798
82802
82911
82916
83196
83707
83734
83805
83814
83932
84014
84034
86894
90273
90741
92880
93471
96651
100684
101014
101660
102226
102455
102465
102520
102521
102522
102524
102641
102708
102739
102746
102904
103031
103061
103507
104814
104836
104954
104983
104996
105047
105146
105147
105148
105158
105165
105270
105288
105333
105334
105335
105336
105337
105338
105339
105340
105341
105342
105343
105352
105430
105467
105494
105548
105626
105643
105680
105681
105682
105683
105684
105685
105695
105734
105735
105736
105737
105738
105739
105763
105764
105765
105766
105767
105779
105780
105781
105866
105867
105873
105892
105912
105947
106066
106323
106337
106428
106507
106615
106624
106672
106677
106777
106818
106819
106842
106864
106899
107582
107586
107773
107812
107978
107983
108001
108330
108332
109648
110074
110353
110811
110957
110975
111000
111020
111063
111067
111101
111119
113410
113457
114754
114770
119209
119211
119585
119655
119689
119690
119691
119692
119693
119710
120199
120257
120469
120483
120505
120506
120507
120508
121889
122592
122677
122709
122742
122827
124146
124976
125127
125351
125469
125591
125654
125881
126135
126231
126232
126233
126234
126235
126253
126338
126349
126459
126460
126463
127257
136416
136431
136562
136606
136683
137244
137339
137364
137469
144541
144542
144621
144629
144706
144708
146640
146963
147051
147090
147196
147199
147200
147202
147206
147207
147208
147209
147210
147211
147212
147213
147214
147215
147456
147775
147778
147826
147827
147873
148286
148347
148707
148768
149708
149711
150313
150352
150353
150354
150355
150356
150357
150358
150359
150555
150814
151044
151094
151100
151370
151372
151535
151760
151787
151898
152027
152041
152077
152153
152213
155453
155454
157406
158204
158243
160595
163239
163318
164732
166121
166146
166511
167136
169562
169603
169604
173093
177124
177125
177226
182504
183836
183837
183838
183841
183897
183900
183902
185136
185137
185138
m2
19
49
198
199
201
208
218
226
235
245
258
263
281
299
305
314
319
321
395
694
736
752
802
808
825
852
1025
1098
1128
1206
1228
1231
1321
1327
1407
1408
1449
1452
1531
1579
2018
2180
2349
2352
2480
2495
2497
2519
2523
2557
2601
2735
2763
2813
2825
2868
2922
2937
2944
2945
2960
2975
2984
2989
2990
3131
3148
3154
3156
3162
3188
3209
3256
3266
3281
3305
3317
3318
3321
3324
3327
3329
3335
3357
3371
3372
3493
3494
3495
3496
3497
3498
3499
3500
3501
3502
3503
3504
3505
3506
3507
3508
3509
3510
3511
3512
3513
3514
3515
3516
3517
3518
3519
3520
3521
3522
3523
3524
3525
3526
3527
3528
3529
3530
3531
3532
3533
3534
3535
3536
3537
3538
3539
3540
3542
3543
3544
3545
3546
3547
3548
3549
3550
3551
3552
3750
3826
3844
3864
3882
3951
3952
4047
4332
4373
4519
4530
4569
4570
4589
4679
4719
4920
4980
5031
5047
5191
5288
5289
5356
5415
5425
5470
5499
5507
5539
5572
5607
5616
5795
5873
5967
6176
6256
6288
6297
6305
6389
6407
6427
6434
6460
6465
6469
6474
6480
6481
6482
6486
6489
6499
6504
6522
6525
6540
6543
6554
6555
6558
6563
6568
6575
6585
6627
6645
6652
6653
6760
6841
6863
6912
6922
7043
7202
7405
7474
7524
7573
7704
8033
8120
8205
8260
8283
8432
8451
8902
8925
9014
9090
9117
9232
9288
9292
9314
9334
9337
9502
9598
9624
9652
9656
9667
9725
9755
9765
9767
9771
9778
9842
9849
9890
9917
9920
10148
10151
10153
10155
10159
10248
10610
10647
10655
10910
10928
11073
11088
11099
11433
11521
11522
11532
11535
11538
11540
11611
11996
12001
12003
12005
12026
12052
12072
12073
12082
12086
12092
12094
12095
12102
12105
12114
12119
12122
12123
12128
12131
12132
12136
12141
12147
12156
12158
12166
12170
12189
12196
12198
12199
12200
12203
12208
12209
12214
12267
12384
12417
12440
12604
12782
12839
12874
12897
12900
12911
12932
12934
15665
29412
30393
31793
34059
35510
35544
35603
35646
36179
36284
36375
36388
36568
36849
36851
36998
37016
37153
37167
37171
37172
37174
37201
37211
37220
37221
37224
37225
37400
37401
37414
37504
37666
37961
37976
38048
38049
38162
38172
38176
38183
38201
38202
38214
38216
38226
38228
38229
38230
38231
38232
38233
38234
38235
38236
38239
38240
38241
38242
38283
38302
38320
38576
38587
38609
38675
38688
38728
38746
38756
38783
38785
38789
38838
38845
38909
38917
38971
38982
38989
38990
38991
38992
38993
38994
38995
38996
38997
38998
39013
39016
39030
39034
39038
39042
39052
39055
39057
39058
39059
39061
39062
39063
39065
39069
39070
39072
39073
39075
39078
39080
39083
39085
39086
39087
39089
39090
39092
39094
39096
39097
39100
39104
39574
39917
40131
40215
40355
40471
40782
40859
40862
40949
40962
40975
41090
41250
41509
42083
42209
42454
42518
43045
43151
43282
44019
44048
44197
44228
44635
44837
45647
45651
45654
45655
45657
45904
45907
46362
55207
56672
57163
58172
58184
61779
63128
63238
64543
64612
70910
75736
75825
77178
77187
77299
78038
78401
78718
78735
80038
80875
80899
81204
81627
81664
81677
81900
81905
81935
81936
81973
82020
82283
82296
82505
82795
83148
83183
83352
83864
85566
87115
87852
88257
88258
88259
88260
88261
88262
88263
88264
88265
88266
88267
88269
88270
88271
88274
88276
88277
88278
88280
88281
88284
88286
88289
88296
88303
88305
88306
88312
88313
90285
92772
95517
100684
101201
101406
102300
102339
102521
102554
102580
102589
102592
102596
102626
102627
102628
102735
102736
102748
102770
102840
102841
102850
102869
102874
102879
102880
102883
102934
103033
105170
105643
105750
105955
106012
106206
106278
106637
106755
106899
106915
107008
107483
107561
107878
107996
108010
108179
108230
108338
110497
110538
110829
110854
110891
111077
111145
111157
111158
114757
116746
117720
117728
117819
117928
118622
118716
119146
119592
120261
120285
120289
120291
120293
120402
120523
120553
121127
121639
122019
122499
122592
122681
122691
122764
122765
122783
122791
122808
122809
122810
122826
122844
122854
124091
124168
124174
124338
125517
125927
125929
125930
125931
126019
126084
126347
126404
126427
126451
126463
126773
126960
127323
135443
136445
136544
136567
136838
136922
139249
144477
144577
144594
144776
144807
146553
146624
146641
146658
146765
146767
146768
146769
146936
148923
148975
149060
149135
149678
149821
149943
150307
150463
150466
150524
151194
151204
151208
151226
151263
151373
151639
151807
151808
151809
151969
153166
153168
153202
153205
153224
153369
153403
153405
153408
153420
153432
153435
153436
153437
153442
153446
153695
154320
154340
154342
154377
154414
154493
154882
155607
155608
155609
155613
155614
155615
155616
155617
157333
157635
157636
157641
157673
157703
157708
157822
157823
157824
157837
157838
157843
158878
166154
169507
172914
173029
173030
173066
173072
173080
173101
173637
173777
173879
175989
181708
181775
182010
182031
182609
188300
188876
192866
m3
139
188
241
248
255
266
281
299
346
350
391
425
453
673
683
707
796
798
802
815
972
989
1019
1051
1073
1113
1162
1180
1226
1231
1240
1247
1275
1333
1366
1402
1444
1475
2128
2139
2173
2318
2344
2361
2365
2366
2371
2391
2431
2448
2524
2540
2563
2571
2574
2592
2605
2618
2628
2646
2704
2712
2724
2739
2757
2894
2906
2910
2938
3014
3083
3156
3174
3270
3302
3332
3347
3368
3461
3506
3533
3547
3772
3821
3826
3985
4048
4103
4163
4227
4277
4374
4376
4380
4395
4402
4425
4525
4561
4574
4588
4611
4658
4777
4887
4899
4909
4929
4953
4954
4960
5010
5290
5315
5425
5560
5599
5607
5610
5640
5661
5735
5847
5854
6140
6142
6179
6196
6214
6303
6408
6418
6422
6506
6512
6549
6552
6579
6606
6624
6642
6659
6660
6661
6662
6663
6664
6665
6666
6667
6668
6669
6670
6671
6672
6673
6674
6675
6676
6677
6678
6679
6680
6681
6682
6683
6684
6685
6686
6687
6688
6689
6690
6691
6692
6693
6694
6695
6696
6697
6698
6699
6700
6701
6702
6703
6704
6705
6706
6744
6804
6827
6849
6850
6854
6857
6875
6908
6926
6979
7014
7022
7030
7070
7107
7129
7132
7203
7470
7548
7588
7745
8013
8063
8128
8131
8134
8138
8141
8148
8149
8161
8181
8268
8284
8323
8324
8327
8328
8329
8330
8343
8346
8358
8362
8365
8367
8368
8369
8374
8384
8388
8391
8392
8395
8403
8406
8407
8412
8421
8422
8425
8429
8436
8451
8452
8455
8459
8463
8465
8466
8470
8471
8473
8474
8476
8477
8479
8482
8484
8487
8490
8491
8497
8499
8500
8502
8503
8504
8513
8515
8522
8524
8528
8531
8533
8537
8539
8550
8560
8576
8580
8586
8588
8589
8590
8592
8599
8600
8640
8685
8691
8701
8703
8704
8705
8708
8710
8711
8712
8715
8722
8724
8727
8730
8742
8744
8747
8764
8785
8789
8807
8825
8863
8885
8886
8895
8900
8910
8916
8921
8922
8924
8938
8940
8942
8951
8979
9001
9063
9075
9080
9082
9087
9088
9090
9097
9121
9132
9179
9528
9609
9619
9670
9679
9725
9756
9767
9816
9961
10048
10051
10052
10111
10123
10127
10166
10278
10326
10337
10488
10494
10504
10506
10545
10550
10565
10612
10638
10686
10691
10692
10751
10760
10838
10847
10893
10901
10907
10914
10952
10963
10985
11013
11018
11033
11035
11063
11190
11197
11206
11211
11268
11279
11282
11285
11290
11312
11322
11332
11369
11371
11373
11395
11402
11435
11460
11469
11474
11511
11515
11555
11590
11634
11636
11670
11674
11676
11680
11691
11694
11702
11704
11710
11732
11733
11737
11746
11759
11768
11784
11791
11799
11809
11844
11845
11846
11853
11854
11864
11865
11866
11867
11870
11871
11874
11877
11878
11880
11882
11885
11887
11888
11890
11941
12005
12246
12267
12312
12417
12478
12668
12770
12796
12873
22358
23107
24357
27977
28014
28435
31005
31194
31196
31208
31219
31793
31859
32405
32408
32415
32420
32570
33577
34147
36112
36479
37019
37086
37128
37655
37669
37714
37829
38065
38159
38633
38688
38798
38908
38923
39429
39724
40243
40261
40282
40471
40493
40705
40904
41057
41095
42012
42120
42140
42141
42142
42143
42144
42145
42146
42147
42148
42149
42150
42151
42152
42428
42558
42624
45654
63421
64556
64560
64561
64640
65835
75023
78252
78495
78956
79755
80814
80848
80885
80987
81039
81086
81159
81351
81451
81464
81781
81820
81833
81835
81843
81844
81846
81933
82073
82212
82304
82383
82395
82414
82417
82421
82450
82457
82462
82463
82466
82548
82935
83107
83592
83599
85566
86631
88312
88986
90287
95661
96617
102002
102010
102020
102138
102336
102477
102518
102567
102862
103152
103213
103272
104868
104895
104932
105031
105111
105113
105116
105123
105126
105249
105255
105257
105288
105599
105669
105712
105974
106044
106132
106339
106340
106458
106964
107173
107748
108010
108116
109218
109219
109220
109367
110295
110319
110718
110737
110891
111083
111170
113492
116074
116136
117575
118182
118183
118184
118185
118186
118187
118188
118189
118190
118213
120339
120341
120604
122606
122937
122950
122955
122980
123087
124989
124992
124994
125006
125038
125039
126214
126405
127602
127921
127938
127947
127992
127993
128017
128390
128426
128427
128444
128448
128452
128456
128458
128460
128471
128486
128567
128602
128616
128623
128725
128911
128919
128993
129254
129455
129468
129536
129729
129810
129848
130373
130580
130628
130643
130855
130906
131285
131320
131426
131682
136732
144449
144592
144593
144594
144731
144832
146255
146698
146935
147164
147176
147334
147841
148718
149871
149942
149949
149951
149953
149954
149960
149961
149963
149966
150030
150034
150036
150503
150873
150879
150881
151079
151106
151293
151504
151506
152000
152001
152002
152004
152005
152108
153391
154717
154718
158465
163186
163374
180631
