m1
28
54
181
201
208
218
233
807
906
914
915
989
1100
1327
1421
2443
2511
2529
2662
2871
3036
3038
3039
3040
3043
3052
3054
3063
3162
3219
3220
3221
3222
3223
3224
3225
3235
3511
3753
3846
3861
3864
3874
3939
3943
4011
4044
4268
4281
4294
4323
4326
4483
4495
4507
4530
4593
4639
5361
5373
5720
5931
6117
6118
6120
6249
6312
6353
7402
7407
7473
7483
7562
7576
7600
7628
7980
8009
8070
8368
8511
8912
8942
8990
8999
9045
9137
9159
9173
9257
9301
9489
9496
9500
9508
9511
9513
9755
9824
9871
10017
10043
10051
10069
10505
10510
10550
10553
10556
10561
10571
10935
11206
11836
12249
12254
12428
12510
12513
12826
12833
16135
21387
32604
34511
36191
37420
37610
37641
37808
37829
38164
38607
39498
39648
39655
39661
39941
40089
40185
40356
40511
40858
41957
42143
42280
75634
75646
78486
78561
80230
81026
81482
81735
82581
82771
82798
82802
83196
83734
93471
101660
102226
102520
102521
102522
102524
102739
102746
102904
103031
105158
105336
105340
105341
105342
105343
105467
105695
105734
105735
105737
105738
105873
105912
106066
106323
106507
106615
106624
106777
106818
106819
106842
106899
107582
107586
110811
111020
114754
119585
119655
120469
120505
120506
120507
120508
121889
137364
137469
144706
144708
146640
146963
147196
147199
147200
147202
147206
147207
147208
147209
147210
147211
147212
147213
147214
147215
150357
150358
150359
150555
151370
151372
151535
151898
155454
158243
163239
173093
177124
183837
m2
49
198
199
201
208
218
226
235
752
852
1327
1408
2480
2495
2497
2519
2523
2868
3162
3209
3256
3266
3493
3502
3503
3504
3505
3506
3507
3508
3509
3510
3511
3512
3513
3514
3515
3516
3517
3518
3519
3520
3521
3522
3523
3524
3525
3526
3527
3528
3529
3530
3750
3844
3864
4047
4332
4519
4530
4589
4679
5191
5356
5873
6256
6288
6297
6305
6575
6585
7405
7474
7573
7704
8283
9014
9090
9755
9917
10928
12102
12128
12131
12132
12141
12189
12196
12198
12199
12203
12208
12209
30393
35510
35544
36179
36849
36851
36998
38048
38162
38283
38609
38756
38783
38785
39086
39087
39089
39090
39092
39094
39104
39574
39917
40355
40862
42083
42209
42518
44635
45647
45651
45654
45657
45904
45907
46362
61779
75825
78718
81204
81627
82795
83148
83183
83352
87115
88257
88258
88259
88260
88261
88262
88264
88265
88266
88267
88284
88312
88313
102300
102339
102521
102580
102589
102592
102596
102626
102628
102735
102736
102748
102770
102934
103033
106206
106278
106637
106899
106915
107008
107561
107878
108010
108179
108230
116746
121639
122691
122765
122826
122844
122854
125517
125927
136544
136922
144477
144577
144776
146624
146641
148975
149060
149135
149943
151204
151263
151373
151969
153224
153369
154342
154377
154414
154882
157635
157636
157843
158878
166154
172914
173066
173072
173101
173637
182010
188300
m3
188
989
1113
1366
2318
2448
2524
2540
2646
3083
3270
3506
4048
4277
4525
4588
4611
4658
6214
6303
6579
6606
6624
7470
7588
8013
8284
8362
8368
8369
8374
8384
8388
8391
8412
8421
8422
8425
8513
8515
8522
8524
8528
8533
8537
8576
8685
8764
8785
8895
8900
8910
8916
8921
8922
8924
8938
8940
8942
8951
9001
9087
9088
9090
9097
9679
9756
9816
9961
10048
10051
10052
10504
10506
10550
10565
11013
11197
11206
11211
11322
11395
11844
11845
11846
12246
31194
32570
34147
36479
37714
37829
38065
38159
39724
40904
42143
42144
42145
42146
42147
42148
42149
42150
42151
42152
45654
64640
75023
78495
78956
80987
81039
81781
82383
82395
82414
82935
83592
83599
88312
95661
102010
102020
102336
102477
102518
102567
104895
105116
105123
105255
105257
105599
106132
106458
106964
107173
107748
108010
110295
110319
110718
110737
113492
118182
118183
118184
118185
118186
118187
118188
118189
118190
118213
127938
128390
128458
128471
128486
130580
144731
144832
146698
149871
149942
150503
151504
151506
152001
152002
152108
154717
154718
